27, 8, pa1-unknown-h-output1.txt
  190.44,   199.41,   186.45
  395.81,   402.08,   192.61
  208.02,   209.46,   206.85
  209.37,   205.57,   331.96
  207.55,   203.18,   459.26
  211.96,   329.51,   217.04
  211.45,   331.93,   338.07
  211.15,   332.75,   460.48
  217.43,   453.33,   223.86
  214.23,   459.57,   343.51
  213.02,   460.64,   463.83
  329.75,   207.80,   213.65
  328.22,   204.26,   336.68
  328.11,   199.30,   460.26
  333.32,   326.92,   214.84
  333.76,   330.35,   337.34
  335.21,   331.13,   460.46
  337.71,   449.58,   216.71
  339.89,   455.57,   339.55
  340.54,   457.82,   463.22
  457.44,   205.76,   218.18
  451.41,   200.51,   343.00
  450.22,   194.31,   465.47
  459.25,   324.32,   216.50
  456.49,   325.71,   339.70
  455.99,   326.22,   461.96
  461.42,   446.11,   215.18
  463.62,   449.89,   338.49
  464.56,   452.10,   461.43
  211.55,   212.30,   448.63
  204.30,   209.08,   576.53
  194.84,   207.86,   704.46
  209.33,   341.73,   450.83
  205.95,   337.33,   576.30
  199.95,   330.88,   704.56
  205.54,   469.33,   455.10
  204.08,   462.50,   577.74
  203.10,   452.09,   705.88
  332.03,   214.91,   451.38
  331.48,   209.77,   577.05
  330.44,   203.95,   706.72
  333.86,   345.45,   452.79
  331.55,   339.78,   577.90
  326.40,   329.72,   704.99
  333.34,   472.43,   456.32
  328.62,   466.58,   581.15
  320.94,   454.58,   706.73
  452.98,   215.68,   457.92
  457.06,   208.97,   580.54
  462.17,   199.38,   705.70
  455.24,   345.95,   455.48
  457.01,   340.22,   581.87
  455.95,   328.53,   711.74
  457.78,   472.17,   456.33
  455.87,   467.72,   582.81
  447.74,   458.47,   713.54
  212.55,   445.42,   218.21
  211.27,   454.93,   337.81
  212.02,   459.93,   457.90
  212.37,   573.40,   217.88
  209.15,   579.47,   338.79
  207.07,   582.09,   459.25
  210.92,   703.79,   215.09
  207.56,   700.23,   340.97
  202.23,   695.85,   462.93
  332.67,   447.09,   209.12
  336.88,   456.59,   331.67
  339.81,   463.02,   455.32
  330.58,   575.18,   209.40
  333.83,   582.52,   333.82
  334.61,   588.41,   457.64
  327.36,   705.94,   209.41
  328.78,   705.37,   339.25
  328.19,   706.01,   466.57
  455.93,   449.72,   204.94
  460.78,   456.67,   328.79
  463.82,   462.79,   451.52
  450.97,   578.69,   202.88
  456.92,   583.70,   331.92
  459.26,   589.65,   456.72
  446.63,   710.88,   203.79
  448.72,   709.95,   337.21
  449.93,   710.96,   467.24
  210.31,   457.05,   445.88
  209.01,   455.12,   568.73
  208.31,   448.79,   696.37
  208.61,   579.75,   447.20
  206.40,   576.68,   568.42
  206.57,   570.21,   693.10
  207.20,   693.90,   450.85
  203.41,   693.42,   572.45
  202.13,   695.17,   696.10
  337.87,   456.85,   446.35
  334.29,   456.00,   571.29
  326.91,   448.74,   697.09
  336.31,   582.58,   448.45
  331.02,   581.94,   572.51
  323.52,   575.39,   696.07
  333.03,   700.75,   457.14
  327.37,   701.47,   579.77
  321.86,   700.01,   697.89
  461.79,   453.73,   446.00
  461.31,   454.03,   572.37
  454.86,   448.99,   703.24
  461.16,   580.57,   450.53
  456.60,   582.36,   573.12
  448.51,   580.16,   698.55
  455.00,   702.31,   460.78
  452.10,   706.72,   582.14
  448.99,   708.83,   699.55
  449.86,   210.90,   215.31
  445.70,   212.43,   339.71
  446.18,   213.48,   461.40
  450.13,   329.46,   207.38
  449.97,   336.65,   330.45
  451.69,   343.86,   452.66
  450.12,   451.19,   200.14
  455.01,   460.70,   324.11
  458.02,   469.82,   446.91
  582.35,   210.20,   211.96
  573.55,   211.41,   341.37
  568.50,   214.03,   466.66
  582.98,   326.70,   209.18
  576.58,   333.44,   330.77
  574.42,   340.25,   455.86
  579.98,   448.81,   205.22
  579.75,   457.67,   323.46
  580.67,   464.54,   447.02
  712.42,   211.55,   204.70
  702.95,   210.81,   338.21
  693.54,   214.12,   468.34
  714.70,   328.40,   210.84
  705.22,   332.66,   331.47
  701.60,   336.21,   459.33
  710.76,   449.43,   215.97
  705.60,   456.88,   326.67
  706.13,   457.66,   448.75
  444.66,   206.95,   451.94
  448.58,   203.32,   574.33
  454.04,   196.64,   699.66
  450.39,   337.70,   447.04
  452.44,   335.03,   572.78
  452.30,   326.05,   702.47
  457.29,   463.63,   445.14
  456.26,   462.45,   571.43
  449.33,   455.90,   701.80
  567.27,   207.36,   460.29
  570.14,   203.30,   580.34
  578.32,   198.26,   697.01
  572.93,   333.73,   453.49
  577.55,   329.27,   581.57
  583.82,   322.80,   708.38
  580.07,   458.04,   448.81
  582.70,   454.33,   579.66
  583.28,   451.82,   713.33
  692.01,   207.29,   464.73
  689.88,   204.62,   584.43
  696.72,   203.26,   696.70
  700.31,   329.50,   460.18
  702.50,   325.95,   590.17
  710.83,   327.21,   715.21
  705.83,   450.75,   454.09
  709.70,   447.57,   589.89
  718.04,   452.84,   730.12
  446.97,   441.91,   205.92
  453.04,   449.34,   329.66
  457.48,   456.09,   452.37
  448.24,   570.25,   203.03
  455.58,   576.03,   331.77
  459.34,   582.67,   456.38
  449.50,   702.80,   203.16
  453.35,   702.40,   336.47
  455.94,   704.20,   466.21
  576.56,   437.16,   208.91
  577.46,   444.16,   327.31
  579.97,   448.96,   451.48
  575.65,   568.99,   206.22
  580.00,   571.77,   328.79
  581.23,   573.99,   452.01
  578.08,   706.56,   206.60
  577.52,   701.14,   334.01
  577.98,   698.24,   460.03
  707.50,   435.73,   217.02
  703.53,   441.12,   328.56
  705.86,   440.39,   451.94
  707.28,   568.20,   220.13
  705.46,   569.32,   329.95
  705.08,   563.35,   446.81
  711.44,   708.00,   218.13
  705.63,   699.28,   333.73
  702.55,   687.92,   449.77
  451.28,   457.03,   440.29
  453.37,   456.15,   566.54
  450.18,   449.48,   696.92
  447.98,   583.96,   446.64
  446.30,   584.20,   569.13
  441.13,   580.16,   694.20
  439.33,   705.34,   458.46
  439.03,   707.70,   579.68
  438.57,   708.25,   696.98
  573.75,   455.76,   440.60
  579.35,   452.31,   571.11
  583.64,   449.24,   704.94
  569.67,   581.21,   444.29
  571.09,   580.44,   569.75
  574.44,   581.79,   701.82
  560.75,   705.34,   455.29
  565.95,   709.78,   579.34
  570.52,   712.89,   699.52
  699.37,   453.01,   442.25
  706.05,   448.85,   577.38
  717.36,   453.80,   717.92
  692.69,   576.62,   440.50
  699.22,   573.20,   571.54
  712.45,   579.80,   714.95
  685.16,   701.63,   447.90
  691.41,   698.99,   570.72
  701.32,   703.77,   697.99
